         thre
tag_count   0.4  0.41  0.42  0.43  0.44  0.45  0.46  0.47  0.48  0.49   0.5
       0  19813 20054 24369 24862 27757 28533 30706 32167 33942 34760 35631
       1  14819 14888 15981 15953 16276 16222 16088 15901 15707 15399 15150
       2   8312  8219  7920  7794  7433  7215  6779  6426  5962  5775  5592
       3   5844  5742  5231  5075  4440  4188  3692  3178  2688  2507  2312
       4   3782  3743  2830  2777  2197  2096  1768  1647  1470  1404  1263
       5   2444  2412  1476  1419   914   857   613   515   389   351   301
       6   1587  1578   796   766   437   397   229   182   116   109    90
       7   1419  1395   785   765   499   461   331   222    77    51    32
       8    895   887   409   394   189   179    91    68    17    13     8
       9    584   585   234   233    98    96    34    31    11    10     2
       10   354   350   132   127    63    61    20    16     2     2     0
       11   222   223    92    90    32    30    15    13     0     0     0
       12   116   116    40    40    14    14     3     3     0     0     0
       13    76    75    30    30    20    20    10    10     0     0     0
       14    69    69    40    40     9     9     1     1     0     0     0
       15    25    25     8     8     2     2     0     0     0     0     0
       16    12    12     5     5     0     0     0     0     0     0     0
       17     5     5     2     2     0     0     0     0     0     0     0
       18     1     1     0     0     0     0     0     0     0     0     0
       19     1     1     0     0     1     1     1     1     0     0     0
       20     0     0     1     1     0     0     0     0     0     0     0
       21     1     1     0     0     0     0     0     0     0     0     0
